  MAXIMUM ITER EXCEEDED    4.1488341924984553        1.2588976870280180        107.69404301927462        1.5576257339010316E-002   13700.000000000000                         0                    0
 ITER>=LOOP:          12   248.98160692899060        13700.000000000000        13700.000000000000                8           6                       NaN           8                    0                    0                       NaN  -1.0506506775698199E-010       20000       20000
  MAXIMUM ITER EXCEEDED    2.9146708945803828       0.96195489296482739        1077.8085351850202       0.85545101394585021        13700.000000000000                         0                    0
 ITER>=LOOP:          12   898.85945226017100        13700.000000000000        13700.000000000000                8           6                       NaN           8                    0                    0                       NaN  -1.3896675833280359E-002       20000       20000
  MAXIMUM ITER EXCEEDED    2.8256870901471940       0.99799761147004062        177.97558355058476       0.67109306016684245        13700.000000000000                         0                    0
 ITER>=LOOP:          12   923.60380852315870        13700.000000000000        13700.000000000000                8           6                       NaN           8                    0                    0                       NaN  -2.7191276933477559E-002       20000       20000
  MAXIMUM ITER EXCEEDED    3.7886092684655308        1.4332708601763657        167.20893253773426       0.57471793793019110        13700.000000000000                         0                    0
 ITER>=LOOP:          12   388.40297824709347        13700.000000000000        13700.000000000000                8           6                       NaN           8                    0                    0                       NaN  -4.9877982845458746E-004       20000       20000
  MAXIMUM ITER EXCEEDED    3.6489057014459911        1.2535689724868881        94.674550219913996       0.24785744977232141        13700.000000000000                         0                    0
 ITER>=LOOP:          12   448.41386482126137        13700.000000000000        13700.000000000000                8           6                       NaN           8                    0                    0                       NaN  -2.9761532846439565E-004       20000       20000
  MAXIMUM ITER EXCEEDED    2.9345732400542546        1.1074464985242771        71.528522984091538       0.15952579155039781        13700.000000000000                         0                    0
 ITER>=LOOP:          12   894.84559906714992        13700.000000000000        13700.000000000000                8           6                       NaN           8                    0                    0                       NaN  -3.8257217251690401E-002       20000       20000
  MAXIMUM ITER EXCEEDED    3.0269721064089228        1.1680513729214537        79.709907765450225       0.13742201851108193        13700.000000000000                         0                    0
 ITER>=LOOP:          12   961.52660208482655        13700.000000000000        13700.000000000000                8           6                       NaN           8                    0                    0                       NaN  -4.2574174387034036E-002       20000       20000
  MAXIMUM ITER EXCEEDED    3.1167109254927285       0.83496568767089818        79.675044582770781        3.9195248868515269E-002   13700.000000000000                         0                    0
 ITER>=LOOP:          12   695.73110867549906        13700.000000000000        13700.000000000000                8           6                       NaN           8                    0                    0                       NaN  -1.2110688400935876E-003       20000       20000
  MAXIMUM ITER EXCEEDED    3.3561010718483426        1.2708928111126996        81.792497012079053        8.0501838605154766E-002   13700.000000000000                         0                    0
 ITER>=LOOP:          12   628.75542061974852        13700.000000000000        13700.000000000000                8           6                       NaN           8                    0                    0                       NaN  -3.2702209924355685E-003       20000       20000
  MAXIMUM ITER EXCEEDED    3.3591338816069154        1.2622952564990448        87.168451449401744       0.14361237046937689        13700.000000000000                         0                    0
 ITER>=LOOP:          12   625.27013816277656        13700.000000000000        13700.000000000000                8           6                       NaN           8                    0                    0                       NaN  -2.8891057174689205E-003       20000       20000
  MAXIMUM ITER EXCEEDED    2.8706981462173440        1.1074726239991572        568.23372250002080       0.80541009136709074        13700.000000000000                         0                    0
 ITER>=LOOP:          12   773.30469162527777        13700.000000000000        13700.000000000000                8           6                       NaN           8                    0                    0                       NaN  -1.1060979104156710E-002       20000       20000
  MAXIMUM ITER EXCEEDED    5.0768311104834245        2.4184068688556661        102.77842362202757        7.5632326155445656E-002   13700.000000000000                         0                    0
 ITER>=LOOP:          12   142.06939458921238        13700.000000000000        13700.000000000000                8           6                       NaN           8                    0                    0                       NaN  -9.6154819785754242E-004       20000       20000
  MAXIMUM ITER EXCEEDED    3.5666332499470497        1.5525554143220663        93.324209639634816       0.29966134668666394        13700.000000000000                         0                    0
 ITER>=LOOP:          12   488.86185077906032        13700.000000000000        13700.000000000000                8           6                       NaN           8                    0                    0                       NaN  -1.5893407346889710E-002       20000       20000
  MAXIMUM ITER EXCEEDED    4.4343746960418526        1.4344279575367256        124.58773462469250       0.20202719225204613        13700.000000000000                         0                    0
 ITER>=LOOP:          11   196.05401925480049        13700.000000000000        13700.000000000000                8           1   195.69401914594013                8                    0                    0  0.71994248136613781        1.4353592069522878            20000       20000
  MAXIMUM ITER EXCEEDED    3.9662461108983242        1.3021761218088128        100.46582674637740        6.6712944270208505E-002   13700.000000000000                         0                    0
 ITER>=LOOP:          12   316.61088915104830        13700.000000000000        13700.000000000000                8           6                       NaN           8                    0                    0                       NaN  -2.3063553443281037E-005       20000       20000
  MAXIMUM ITER EXCEEDED    4.3893407462125955        2.0181318981036420        92.770835100981870        9.0305619362833368E-003   13700.000000000000                         0                    0
 ITER>=LOOP:          12   221.14769101316082        13700.000000000000        13700.000000000000                8           6                       NaN           8                    0                    0                       NaN  -2.3023485285165179E-003       20000       20000
  MAXIMUM ITER EXCEEDED    3.8204369052287919        1.1874311113605214        105.49625862017410       0.34506438672359946        13700.000000000000                         0                    0
 ITER>=LOOP:          12   376.78749797390702        13700.000000000000        13700.000000000000                8           6                       NaN           8                    0                    0                       NaN  -7.4373610678524216E-005       20000       20000
  MAXIMUM ITER EXCEEDED    3.1199071922034083        1.3199028141726898        91.942872786454970        1.7892903515153481E-002   13700.000000000000                         0                    0
 ITER>=LOOP:          12   670.45927118877376        13700.000000000000        13700.000000000000                8           6                       NaN           8                    0                    0                       NaN  -7.4063248842386464E-003       20000       20000
  MAXIMUM ITER EXCEEDED    2.9799893010805931        1.0547697161586804        109.57751293810507       0.52317771460951112        13700.000000000000                         0                    0
 ITER>=LOOP:          12   1004.8728072207955        13700.000000000000        13700.000000000000                8           6                       NaN           8                    0                    0                       NaN  -5.6404513511901233E-002       20000       20000
  MAXIMUM ITER EXCEEDED    2.9738928113446805        1.1112546378507302        75.041940243119953       0.18287967746640851        13700.000000000000                         0                    0
 ITER>=LOOP:          12   972.33720711322701        13700.000000000000        13700.000000000000                8           6                       NaN           8                    0                    0                       NaN  -5.3211728805157676E-002       20000       20000
  MAXIMUM ITER EXCEEDED    2.9459002837937573       0.89347578675982176        70.809811627802944        2.5093815497353629E-003   13700.000000000000                         0                    0
 ITER>=LOOP:          12   963.85060650202058        13700.000000000000        13700.000000000000                8           6                       NaN           8                    0                    0                       NaN  -2.1028430130559661E-002       20000       20000
  MAXIMUM ITER EXCEEDED    3.1979355940417156       0.78781122473772525        93.543006511982270        2.3057118718363065E-002   13700.000000000000                         0                    0
 ITER>=LOOP:          12   539.80095620449367        13700.000000000000        13700.000000000000                8           6                       NaN           8                    0                    0                       NaN  -3.2100829006398435E-005       20000       20000
  MAXIMUM ITER EXCEEDED    3.9299548568735765        1.7568609329889122        132.31467053900235       0.45691860703939835        13700.000000000000                         0                    0
 ITER>=LOOP:          12   301.34027341942942        13700.000000000000        13700.000000000000                8           6                       NaN           8                    0                    0                       NaN  -1.6135716106455700E-003       20000       20000
  MAXIMUM ITER EXCEEDED    2.7445287103617910       0.75755988590865420        102.13405790136179       0.39156294777035355        13700.000000000000                         0                    0
 ITER>=LOOP:          12   999.80838194414002        13700.000000000000        13700.000000000000                8           6                       NaN           8                    0                    0                       NaN  -1.5078580702054478E-002       20000       20000
  MAXIMUM ITER EXCEEDED    5.8063824530850514        2.8005634169438136        116.48313238971339       0.26478519206354512        13700.000000000000                         0                    0
 ITER>=LOOP:          12   101.15290497018108        13700.000000000000        13700.000000000000                8           6                       NaN           8                    0                    0                       NaN  -7.4345375461737362E-004       20000       20000
  MAXIMUM ITER EXCEEDED    2.9264225886604951        1.0824107022998755        1717.0589547161828       0.89217838188000553        13700.000000000000                         0                    0
 ITER>=LOOP:          12   891.24997220552086        13700.000000000000        13700.000000000000                8           6                       NaN           8                    0                    0                       NaN  -3.5665477445876448E-002       20000       20000
  MAXIMUM ITER EXCEEDED    3.9836769905640264        1.0846370900127500        133.69523009089721       0.45968231533710796        13700.000000000000                         0                    0
 ITER>=LOOP:          12   300.47194594349867        13700.000000000000        13700.000000000000                8           6                       NaN           8                    0                    0                       NaN  -1.9149598682322022E-006       20000       20000
  MAXIMUM ITER EXCEEDED    3.4312722842608445       0.77451880080985114        135.66913257234503       0.45877602848593246        13700.000000000000                         0                    0
 ITER>=LOOP:          12   434.52326009165620        13700.000000000000        13700.000000000000                8           6                       NaN           8                    0                    0                       NaN  -9.9943477565034300E-006       20000       20000
  MAXIMUM ITER EXCEEDED    4.1337306900262600        1.5482746807329899        102.08557101395965       0.16525911020687792        13700.000000000000                         0                    0
 ITER>=LOOP:          12   281.48859618577364        13700.000000000000        13700.000000000000                8           6                       NaN           8                    0                    0                       NaN  -1.2596482231597150E-004       20000       20000
  MAXIMUM ITER EXCEEDED    3.1549831481946815       0.87566589223320823        115.00304040709453       0.42884240196251999        13700.000000000000                         0                    0
 ITER>=LOOP:          12   597.68259946037995        13700.000000000000        13700.000000000000                8           6                       NaN           8                    0                    0                       NaN  -2.7712547527836140E-004       20000       20000
  MAXIMUM ITER EXCEEDED    3.1283905681376050       0.90882662373180267        76.409562254826497        4.1108038518593961E-003   13700.000000000000                         0                    0
 ITER>=LOOP:          12   700.98310276429970        13700.000000000000        13700.000000000000                8           6                       NaN           8                    0                    0                       NaN  -1.8146259117738373E-003       20000       20000
  MAXIMUM ITER EXCEEDED    4.2250518919653661        1.2060446299859031        102.48256367926069        7.4020969454084004E-003   13700.000000000000                         0                    0
 ITER>=LOOP:          12   259.17601228745093        13700.000000000000        13700.000000000000                8           6                       NaN           8                    0                    0                       NaN  -1.2162084050970634E-006       20000       20000
  MAXIMUM ITER EXCEEDED    3.1359091964578352        1.0034630692023896        82.190036289748718       0.34642961879677342        13700.000000000000                         0                    0
 ITER>=LOOP:          12   847.61138588244603        13700.000000000000        13700.000000000000                8           6                       NaN           8                    0                    0                       NaN  -1.4177818729121383E-002       20000       20000
  MAXIMUM ITER EXCEEDED    3.6012052371985033        1.1363107714633880        103.50877701684421       0.33900897635828853        13700.000000000000                         0                    0
 ITER>=LOOP:          12   447.96223405020089        13700.000000000000        13700.000000000000                8           6                       NaN           8                    0                    0                       NaN  -1.6149557793632141E-004       20000       20000
  MAXIMUM ITER EXCEEDED    3.0352842061540231       0.76887871901606186        344.46543253886193       0.75822405518520331        13700.000000000000                         0                    0
